,Bths,SF,CDOM,Bds,Type_100,Type_150,Type_1940,Type_200,Type_216,Type_2219,Type_2330,Type_2440,Type_2441,Type_2562,Type_2566,Type_2807,Type_2918,Type_3009,Type_3011,Type_3046,Type_3212,Type_323,Type_3237,Type_3260,Type_3406,Type_3629,Type_3643,Type_4436,Type_4440,Type_515,Type_519,Type_528,Type_530,Type_5443,Type_565,Type_611,Type_699,Type_750,Type_8,Type_810,Type_909,Type_COND,Type_RENT,Type_RESI,Stat_RESI,Stat_S,Stat_S-UL,Year,Month,Day,Agg_Average Days on Market,Agg_Average Percent of Last List Price,Agg_Average Percent of Last Original Price,Agg_Average Price Per Square Foot,Agg_Average Sales Price,Agg_Closed Sales,Agg_Homes for Sale,Agg_Median Days on Market,Agg_Median Percent of Last List Price,Agg_Median Percent of Last Original Price,Agg_Median Price Per Square Foot,Agg_Median Sales Price,Agg_Months Supply of Inventory (Closed),Agg_Months Supply of Inventory (Pending),Agg_New Listings,Agg_Pending Sales,Price_Per_SF,Total_Rooms,Bths_Bds_Ratio,Price_per_Bedroom,Log Price,Size Category_Large,Size Category_Medium,Size Category_Small
Bths,1.0,0.7500618412734846,0.08726968481425966,0.7459149243945764,-0.003645204995373044,-0.007808570658816883,0.00676320916323646,0.002599843499792666,0.000732808565353239,0.0005181606680707764,0.0005181606680707768,0.013008257658402167,0.02549835464873372,0.013008257658402165,-0.007808570658816884,0.004681526331514544,-0.007808570658816884,0.004681526331514547,-0.007808570658816874,-0.0015635221636511182,0.01092657482668026,0.0005181606680707727,0.0005181606680707752,0.008844891994958354,0.002599843499792672,-0.0015635221636511442,0.004681526331514544,0.006763209163236438,-0.0078085706588168794,0.000518160668070761,-0.007808570658816857,-0.007808570658816883,-0.0015635221636511375,0.004681526331514552,-0.007808570658816873,-0.007808570658816874,-0.00815175920630822,-0.007808570658816864,0.0046815263315145485,-0.001563522163651127,-0.007808570658816874,-0.5049817371817986,0.01300825765840217,0.5042129309891835,0.012590602860889599,0.07689107630233454,-0.08066221450292214,0.057981741782226336,0.008854785182916384,-0.006802789417660988,-0.007834773775216176,-0.0031249238656396103,-0.004285158218890582,0.03327030596004024,0.04842448878810919,-0.006295541874815495,-0.01874058712557649,-0.017851772014081654,-0.010520242853736662,-0.010359630650483018,0.034223330957771435,0.049894367297680674,-0.003438241480361225,-0.004185097819626326,-0.0195082661622283,-0.0027941993832644473,-0.012628135497893728,0.9090716153411809,0.19441860658342697,0.13000819572195882,0.6739138556350833,0.20487303815707475,-0.019171459530213424,-0.5866672005694982
SF,0.7500618412734846,1.0,0.09143756126740805,0.7969047345526997,-0.003565239431223341,-0.007651213449138849,0.009148916174605877,-0.0006265586104564907,-0.0036283300046692606,0.003714369451269877,0.001225212865643147,0.007069027922464954,0.010893338579627295,0.007941239124975661,0.004787860162052289,0.014113810711974515,0.0006280836577704505,0.0038485557901176836,-0.0008479660695553796,0.007270307430736655,0.015522767269876423,-0.006215419623467418,0.003848555790117682,0.010356593224236085,0.0006347929747128398,-0.00232401579688116,-0.0019214567803377608,0.0055929781951391,-0.009100425908695104,-0.005363336371783848,-0.009033332739271196,-0.006886351317706386,-0.00463202082506333,0.01330869267888772,9.133830237924144e-05,-0.007637794815254071,-0.013152320908452707,-0.007530445744175822,-0.0025923884745767717,-0.0053700456887262665,-0.0005795933918597559,-0.6435206297137186,0.010624965901931694,0.6426211957067254,0.01926667214178652,-0.027673623517637413,0.028416818700857552,0.031208002180678318,0.02544576913641272,-0.00928624232889846,0.007144993422986687,-0.014425840095999159,-0.019134844671404194,0.003546802492383596,0.02100648276335001,-0.009792378686617005,0.0015684605114083146,-0.00656027935851807,-0.020190720700136056,-0.02216019414819762,0.004142777828400205,0.02321597568753658,0.01737974972582116,0.01633965810293049,-0.008013563067908017,-0.007754295498629327,-0.11447616787366094,0.8303787345029576,-0.21302989167396008,0.28460758100475375,0.7766933115229525,0.34001492588552423,-0.23284959223539536,-0.6216027594034769
CDOM,0.08726968481425966,0.09143756126740805,1.0,0.010692012826646618,-0.004172400481256514,0.0006981212530290513,0.023722405815106318,-0.004260955421879888,-0.003771760709495783,-0.0035525158968928946,0.006011417690431575,-0.004083845540633141,0.002203555243626424,-0.0028440763719058807,0.0010523410155225434,-0.003818180718763017,-0.003995290600009764,0.009110840612249628,-0.0013386423813085567,-0.003375406015646146,-0.0037296257781396424,0.027264603440041165,-0.00364107083751627,-0.004349510362503261,-0.0012500874406851828,0.006631302274795184,-0.003375406015646146,0.000875231134275798,0.0006095663124056756,0.005657197927938023,0.0055686429873146705,0.0026463299467432704,0.012210263534067723,0.018409109377703927,0.014335582109028707,-0.0038181807187630166,0.004967431895513423,0.008048181324769164,0.0037089892342237825,0.015752461159002685,0.007693961562275665,0.052575687826358554,0.0008752311342757949,-0.05501504366581927,0.008738650293947131,-0.02463089584908561,-0.003375406015646144,-0.22989235859714863,-0.02903440391470994,-0.0038932458677208175,0.3731221791307539,-0.31792201904416123,-0.3433418906839888,-0.24356032891678941,-0.23316715496958434,-0.23466486252639673,0.3188018776296228,0.36164821513754497,-0.32668752563187325,-0.3486820406934988,-0.2414875498349561,-0.23907782873013983,0.34162761705973205,0.34282286525526673,0.0064054222308002964,-0.23370973471711307,-0.17786722123322224,0.0452755350733186,0.08926428023252506,-0.06003916476576054,-0.07863352669456453,-0.05272015417468572,-0.02112927888703709,0.00018449440371431954
Bds,0.7459149243945764,0.7969047345526997,0.010692012826646618,1.0,-0.003344627678852351,-0.009234362052057597,0.008434841067558247,-0.0033446276788523456,0.003599416359222669,0.0025451066943529255,0.0025451066943529247,0.0084348410675582,0.008434841067558254,0.008434841067558208,0.0025451066943529173,0.008434841067558206,0.0025451066943529177,0.008434841067558202,0.0025451066943529234,0.0025451066943529273,0.002545106694352922,-0.0033446276788523487,0.002545106694352926,0.002545106694352927,0.0025451066943529273,-0.003344627678852303,0.0025451066943529255,0.008434841067558197,-0.00923436205205759,-0.0033446276788523196,-0.015124096425262787,-0.0033446276788523612,-0.0033446276788523014,0.008434841067558258,-0.003344627678852352,-0.00923436205205759,-0.015382294653832172,-0.009234362052057538,0.0025451066943529737,-0.003344627678852358,0.0025451066943529693,-0.6893664643088909,0.008434841067558235,0.6888138752329425,0.017448021996785953,0.0456119474961887,-0.0469630099397304,0.0626615185649335,0.023019327545818827,-0.011000479957855044,-0.004955666756913653,-0.009376008365794797,-0.011929039945927637,0.028050520243677622,0.047031241188370286,-0.0076101682091425215,-0.01595023217645561,-0.021327424977465138,-0.017259132529619133,-0.017004732963868487,0.02891541994328481,0.05086578829960566,0.0067201924165950005,0.005225355858173049,-0.017680287285549077,-0.003929175169006968,-0.11424590863211419,0.9555894319443614,-0.4185715759311988,-0.06223843610554909,0.6984777124409023,0.3559576913945582,-0.0565443957866037,-0.6649665360835693
Type_100,-0.003645204995373044,-0.003565239431223341,-0.004172400481256514,-0.003344627678852351,1.0,-5.1093398732883415e-05,-5.109339873288339e-05,-5.1093398732883523e-05,-7.225882343379883e-05,-5.1093398732883496e-05,-5.109339873288352e-05,-5.109339873288349e-05,-5.1093398732883395e-05,-5.1093398732883435e-05,-5.109339873288343e-05,-5.109339873288337e-05,-5.1093398732883415e-05,-5.1093398732883496e-05,-5.109339873288337e-05,-5.1093398732883435e-05,-5.109339873288342e-05,-5.109339873288342e-05,-5.109339873288352e-05,-5.1093398732883435e-05,-5.109339873288342e-05,-5.10933987328834e-05,-5.109339873288342e-05,-5.109339873288343e-05,-5.109339873288342e-05,-5.109339873288334e-05,-5.1093398732883415e-05,-5.109339873288351e-05,-5.109339873288341e-05,-5.109339873288339e-05,-5.109339873288352e-05,-5.109339873288342e-05,-0.00011425998922722729,-5.109339873288341e-05,-5.109339873288342e-05,-5.109339873288343e-05,-5.109339873288341e-05,-0.005836785683104169,-5.109339873288346e-05,-0.008712826415247918,-0.00025562376998704154,-0.043922725281067124,-0.0011113776991050978,-0.007169707775512191,-0.012654742428156668,0.00936043873357411,0.018392185605832542,-0.011724463930264632,-0.015001827225566294,-0.009116878398956415,-0.008587257959279787,-0.0077800788629560115,0.010898627733002047,0.022213403459131403,-0.01469188395026977,-0.020213111998343896,-0.008955228824431694,-0.008604616401908006,0.013254287042142718,0.012646855326398473,-0.006665956984328243,-0.010396470069818944,-0.0015844811064732425,-0.0037051037055623715,-0.00135190305466199,-0.0019374701234647486,-0.0021371769509784316,-0.003966997262261872,0.00952035705234441,-0.0043754740657003235
Type_150,-0.007808570658816883,-0.007651213449138849,0.0006981212530290513,-0.009234362052057597,-5.1093398732883415e-05,1.0,-5.109339873288341e-05,-5.109339873288336e-05,-7.225882343379874e-05,-5.109339873288337e-05,-5.1093398732883354e-05,-5.1093398732883354e-05,-5.109339873288339e-05,-5.109339873288336e-05,-5.109339873288338e-05,-5.109339873288337e-05,-5.109339873288339e-05,-5.109339873288336e-05,-5.10933987328834e-05,-5.109339873288336e-05,-5.109339873288337e-05,-5.109339873288337e-05,-5.1093398732883354e-05,-5.109339873288336e-05,-5.109339873288337e-05,-5.10933987328834e-05,-5.109339873288337e-05,-5.109339873288338e-05,-5.109339873288337e-05,-5.1093398732883354e-05,-5.1093398732883415e-05,-5.109339873288345e-05,-5.109339873288341e-05,-5.109339873288338e-05,-5.1093398732883354e-05,-5.10933987328834e-05,-0.00011425998922722732,-5.1093398732883415e-05,-5.1093398732883415e-05,-5.109339873288338e-05,-5.10933987328834e-05,-0.005836785683104171,-5.1093398732883374e-05,-0.008712826415247914,-0.0002556237699870413,-0.04392272528106711,-0.0011113776991050982,-0.007169707775512991,-0.005843300520052124,-0.002368924217115794,0.016871781876878007,-0.010060586518234335,-0.011622830472117278,-0.00842503669901755,-0.008095653310081677,-0.008712467661595375,0.014866114014817532,0.011808012944728769,-0.012084791942646033,-0.013408014035282589,-0.008722147750745167,-0.008718737609054962,0.015046628460586716,0.014168558248905077,0.009460683630186031,-0.0031809641672076597,-0.005713220320202411,-0.009231559480371467,0.0057634053354259146,-0.004213244341916991,-0.012277075126120859,-0.003966997262261868,-0.0053667523656900475,0.011677225819576665
Type_1940,0.00676320916323646,0.009148916174605877,0.023722405815106318,0.008434841067558247,-5.109339873288339e-05,-5.109339873288341e-05,1.0,-5.109339873288339e-05,-7.225882343379879e-05,-5.1093398732883354e-05,-5.109339873288338e-05,-5.109339873288338e-05,-5.109339873288341e-05,-5.10933987328834e-05,-5.1093398732883395e-05,-5.1093398732883415e-05,-5.109339873288341e-05,-5.109339873288339e-05,-5.109339873288342e-05,-5.10933987328834e-05,-5.1093398732883415e-05,-5.1093398732883415e-05,-5.109339873288338e-05,-5.10933987328834e-05,-5.1093398732883415e-05,-5.109339873288341e-05,-5.1093398732883415e-05,-5.1093398732883395e-05,-5.1093398732883415e-05,-5.1093398732883415e-05,-5.109339873288341e-05,-5.109339873288337e-05,-5.10933987328834e-05,-5.1093398732883456e-05,-5.109339873288338e-05,-5.109339873288342e-05,-0.00011425998922722725,-5.10933987328834e-05,-5.109339873288341e-05,-5.1093398732883395e-05,-5.109339873288341e-05,-0.005836785683104172,-5.10933987328833e-05,-0.008712826415247918,0.19987733822826576,-0.04392272528106711,-0.0011113776991050987,-0.005806036435185656,-0.012654742428156654,-0.009406541987529647,0.01079016696105981,-0.012279089734272922,-0.013809240136114469,-0.009693413148905561,-0.007173727648801508,-0.012442022856152792,0.007923013021640446,0.011312518158328663,-0.015213302351795518,-0.017119885651496674,-0.009130039629696487,-0.008687134813229734,0.010267051344736256,0.010212130650388004,-0.006783241643342897,-0.012114447665678717,-0.008627037527017456,0.008268883806524366,-0.0031307301521840253,-0.004885632179187021,0.0020247874255124873,-0.003966997262261866,-0.0053667523656900475,-0.004375474065700323
Type_200,0.002599843499792666,-0.0006265586104564907,-0.004260955421879888,-0.0033446276788523456,-5.1093398732883523e-05,-5.109339873288336e-05,-5.109339873288339e-05,1.0,-7.225882343379883e-05,-5.1093398732883496e-05,-5.109339873288352e-05,-5.109339873288349e-05,-5.1093398732883395e-05,-5.1093398732883435e-05,-5.109339873288343e-05,-5.109339873288337e-05,-5.1093398732883415e-05,-5.1093398732883496e-05,-5.109339873288337e-05,-5.1093398732883435e-05,-5.109339873288342e-05,-5.109339873288342e-05,-5.109339873288352e-05,-5.1093398732883435e-05,-5.109339873288342e-05,-5.10933987328834e-05,-5.109339873288342e-05,-5.109339873288343e-05,-5.109339873288342e-05,-5.109339873288334e-05,-5.1093398732883415e-05,-5.109339873288351e-05,-5.109339873288341e-05,-5.109339873288339e-05,-5.109339873288352e-05,-5.109339873288342e-05,-0.00011425998922722729,-5.109339873288341e-05,-5.109339873288342e-05,-5.109339873288343e-05,-5.109339873288341e-05,-0.005836785683104169,-5.109339873288346e-05,-0.008712826415247918,-0.00025562376998704154,-0.043922725281067124,-0.0011113776991050978,-0.007169707775512418,-0.012654742428156668,0.004668693553298114,0.018392185605832542,-0.011724463930264635,-0.015001827225566288,-0.009116878398956411,-0.008587257959279787,-0.007780078862956014,0.010898627733002052,0.02221340345913141,-0.014691883950269777,-0.02021311199834382,-0.008955228824431696,-0.008604616401908002,0.013254287042142716,0.012646855326398473,-0.006665956984328241,-0.010396470069818947,0.004729324180463896,-0.0009418758181577594,0.00932105953046988,0.007269071033001094,0.004539302672201848,-0.003966997262261872,0.009520357052344412,-0.0043754740657003235
Type_216,0.000732808565353239,-0.0036283300046692606,-0.003771760709495783,0.003599416359222669,-7.225882343379883e-05,-7.225882343379874e-05,-7.225882343379879e-05,-7.225882343379883e-05,1.0,-7.22588234337989e-05,-7.225882343379883e-05,-7.225882343379883e-05,-7.225882343379878e-05,-7.225882343379878e-05,-7.225882343379878e-05,-7.225882343379871e-05,-7.225882343379878e-05,-7.225882343379883e-05,-7.225882343379871e-05,-7.225882343379878e-05,-7.225882343379875e-05,-7.225882343379875e-05,-7.225882343379883e-05,-7.225882343379879e-05,-7.225882343379875e-05,-7.225882343379878e-05,-7.225882343379875e-05,-7.225882343379878e-05,-7.225882343379875e-05,-7.225882343379872e-05,-7.22588234337988e-05,-7.225882343379889e-05,-7.22588234337988e-05,-7.225882343379878e-05,-7.225882343379883e-05,-7.225882343379875e-05,-0.00016159215460067388,-7.225882343379882e-05,-7.225882343379882e-05,-7.225882343379878e-05,-7.225882343379878e-05,-0.008254672356037794,-7.22588234337988e-05,-0.01232211207635996,0.2826764640763387,-0.06211770071136876,-0.0015717655689288061,-0.010139757015013552,-0.011474912502949916,-0.015514965503400351,0.028698931564868604,-0.016581319851719782,-0.019810816680787834,-0.011996642218777057,-0.010672633403442247,-0.014239613110802928,0.01788490035498631,0.032116053026299704,-0.021515408618800243,-0.02421179352000844,-0.012747338584580744,-0.010294401067701612,0.019167341487511324,0.018316225214065552,0.007906065911435963,-0.010694283497945238,-0.008407113275192312,0.002575846603404518,-0.005266202712642378,-0.009645239845701871,-0.005870136863941105,-0.00561032465729584,0.013464162031353144,-0.006188012850848428
Type_2219,0.0005181606680707764,0.003714369451269877,-0.0035525158968928946,0.0025451066943529255,-5.1093398732883496e-05,-5.109339873288337e-05,-5.1093398732883354e-05,-5.1093398732883496e-05,-7.22588234337989e-05,1.0,-5.1093398732883496e-05,-5.1093398732883523e-05,-5.109339873288336e-05,-5.109339873288348e-05,-5.1093398732883476e-05,-5.109339873288338e-05,-5.109339873288343e-05,-5.1093398732883523e-05,-5.109339873288338e-05,-5.109339873288348e-05,-5.1093398732883435e-05,-5.1093398732883435e-05,-5.1093398732883523e-05,-5.109339873288349e-05,-5.1093398732883435e-05,-5.1093398732883374e-05,-5.1093398732883435e-05,-5.109339873288348e-05,-5.1093398732883435e-05,-5.109339873288333e-05,-5.109339873288339e-05,-5.109339873288348e-05,-5.109339873288338e-05,-5.109339873288336e-05,-5.1093398732883496e-05,-5.1093398732883435e-05,-0.00011425998922722737,-5.1093398732883374e-05,-5.1093398732883395e-05,-5.1093398732883476e-05,-5.109339873288338e-05,-0.005836785683104168,-5.10933987328835e-05,-0.008712826415247918,0.19987733822826614,-0.043922725281067124,-0.0011113776991050982,-0.007169707775511825,-0.010384261792121853,0.007796523673482129,0.016871781876878014,-0.013388341342294958,-0.015001827225566292,-0.008540343649007366,-0.00781676571333976,-0.01049248264081588,0.010615235855729507,0.02072691909993108,-0.016777557556369067,-0.017429208286182385,-0.008896958556010073,-0.008262252780467123,0.012358116332920738,0.011733833572894523,-0.0019745706237422685,-0.01031057119002598,-0.008312802677995695,0.0018213520692468188,-0.003723672518024603,-0.004695984327649296,-0.0008700925882571649,0.012879615324904871,-0.005366752365690052,-0.004375474065700325
Type_2330,0.0005181606680707768,0.001225212865643147,0.006011417690431575,0.0025451066943529247,-5.109339873288352e-05,-5.1093398732883354e-05,-5.109339873288338e-05,-5.109339873288352e-05,-7.225882343379883e-05,-5.1093398732883496e-05,1.0,-5.109339873288352e-05,-5.109339873288339e-05,-5.109339873288343e-05,-5.109339873288342e-05,-5.109339873288337e-05,-5.1093398732883415e-05,-5.109339873288352e-05,-5.109339873288337e-05,-5.109339873288343e-05,-5.109339873288342e-05,-5.109339873288342e-05,-5.109339873288352e-05,-5.1093398732883435e-05,-5.109339873288342e-05,-5.10933987328834e-05,-5.109339873288342e-05,-5.109339873288343e-05,-5.109339873288342e-05,-5.1093398732883334e-05,-5.1093398732883415e-05,-5.10933987328835e-05,-5.109339873288341e-05,-5.109339873288339e-05,-5.109339873288352e-05,-5.109339873288342e-05,-0.00011425998922722728,-5.10933987328834e-05,-5.109339873288342e-05,-5.109339873288342e-05,-5.109339873288341e-05,-0.005836785683104168,-5.109339873288346e-05,-0.008712826415247918,-0.00025562376998704154,-0.043922725281067124,-0.0011113776991050978,-0.007169707775511871,-0.010384261792121855,0.007796523673482129,0.016871781876878014,-0.013388341342294961,-0.015001827225566302,-0.008540343649007362,-0.007816765713339766,-0.010492482640815886,0.010615235855729505,0.02072691909993108,-0.016777557556369078,-0.017429208286182375,-0.008896958556010073,-0.00826225278046712,0.01235811633292074,0.011733833572894524,-0.0019745706237422694,-0.010310571190025987,-0.011341845652865981,0.0018213520692468195,-0.003723672518024604,-0.008006201372670748,-0.00652666889248966,-0.003966997262261872,0.00952035705234441,-0.004375474065700323
Type_2440,0.013008257658402167,0.007069027922464954,-0.004083845540633141,0.0084348410675582,-5.109339873288349e-05,-5.1093398732883354e-05,-5.109339873288338e-05,-5.109339873288349e-05,-7.225882343379883e-05,-5.1093398732883523e-05,-5.109339873288352e-05,1.0,-5.109339873288339e-05,-5.109339873288343e-05,-5.109339873288342e-05,-5.109339873288337e-05,-5.1093398732883415e-05,-5.109339873288352e-05,-5.109339873288337e-05,-5.109339873288343e-05,-5.109339873288342e-05,-5.109339873288342e-05,-5.109339873288352e-05,-5.1093398732883435e-05,-5.109339873288342e-05,-5.10933987328834e-05,-5.109339873288342e-05,-5.109339873288343e-05,-5.109339873288342e-05,-5.1093398732883334e-05,-5.1093398732883415e-05,-5.10933987328835e-05,-5.109339873288341e-05,-5.109339873288339e-05,-5.109339873288352e-05,-5.109339873288342e-05,-0.00011425998922722728,-5.10933987328834e-05,-5.109339873288342e-05,-5.109339873288342e-05,-5.109339873288341e-05,-0.005836785683104168,-5.109339873288346e-05,-0.008712826415247918,0.19987733822826614,-0.043922725281067124,-0.0011113776991050978,-0.007169707775511718,-0.010384261792121855,0.007796523673482129,0.016871781876878014,-0.013388341342294954,-0.015001827225566292,-0.008540343649007362,-0.007816765713339764,-0.010492482640815875,0.010615235855729507,0.02072691909993108,-0.01677755755636909,-0.01742920828618237,-0.008896958556010075,-0.008262252780467121,0.01235811633292074,0.011733833572894524,-0.0019745706237422702,-0.010310571190025984,-0.00804038275574749,0.01103211169392882,0.0022057511403819558,-0.005247687168486212,0.0015186208946308176,0.01287961532490487,-0.005366752365690052,-0.004375474065700323
Type_2441,0.02549835464873372,0.010893338579627295,0.002203555243626424,0.008434841067558254,-5.1093398732883395e-05,-5.109339873288339e-05,-5.109339873288341e-05,-5.1093398732883395e-05,-7.225882343379878e-05,-5.109339873288336e-05,-5.109339873288339e-05,-5.109339873288339e-05,1.0,-5.1093398732883395e-05,-5.109339873288339e-05,-5.109339873288341e-05,-5.10933987328834e-05,-5.109339873288341e-05,-5.1093398732883415e-05,-5.1093398732883395e-05,-5.109339873288341e-05,-5.109339873288341e-05,-5.10933987328834e-05,-5.1093398732883395e-05,-5.109339873288341e-05,-5.1093398732883435e-05,-5.109339873288341e-05,-5.109339873288339e-05,-5.109339873288341e-05,-5.109339873288337e-05,-5.1093398732883435e-05,-5.109339873288339e-05,-5.109339873288343e-05,-5.109339873288341e-05,-5.10933987328834e-05,-5.1093398732883415e-05,-0.00011425998922722725,-5.109339873288344e-05,-5.1093398732883456e-05,-5.109339873288339e-05,-5.109339873288344e-05,-0.005836785683104169,-5.109339873288329e-05,-0.008712826415247916,0.19987733822826578,-0.04392272528106711,-0.0011113776991050984,-0.007169707775509758,0.0009681413880521844,-0.007842626927437684,0.010410066028821179,-0.010060586518232576,-0.01102653692739171,-0.008425036699017653,-0.006417137287853634,-0.004050523668398562,0.016755393196634483,0.010817023371928552,-0.01052053673807262,-0.010314787688435665,-0.008139445066528684,-0.007015698056246481,0.015644075600068037,0.015690261171411722,0.0021890347712778114,-0.008334896954787145,-0.009089530206714654,0.016558567468738017,0.01287871372551375,-0.004627021472544747,0.002372529035609353,-0.003966997262261866,-0.0053667523656900475,-0.004375474065700324
Type_2562,0.013008257658402165,0.007941239124975661,-0.0028440763719058807,0.008434841067558208,-5.1093398732883435e-05,-5.109339873288336e-05,-5.10933987328834e-05,-5.1093398732883435e-05,-7.225882343379878e-05,-5.109339873288348e-05,-5.109339873288343e-05,-5.109339873288343e-05,-5.1093398732883395e-05,1.0,-5.109339873288339e-05,-5.109339873288334e-05,-5.109339873288339e-05,-5.1093398732883435e-05,-5.109339873288335e-05,-5.1093398732883395e-05,-5.109339873288337e-05,-5.109339873288337e-05,-5.109339873288343e-05,-5.1093398732883395e-05,-5.109339873288337e-05,-5.109339873288339e-05,-5.109339873288337e-05,-5.109339873288339e-05,-5.109339873288337e-05,-5.1093398732883354e-05,-5.1093398732883415e-05,-5.109339873288347e-05,-5.1093398732883415e-05,-5.109339873288339e-05,-5.109339873288343e-05,-5.1093398732883374e-05,-0.00011425998922722732,-5.1093398732883415e-05,-5.109339873288342e-05,-5.109339873288339e-05,-5.1093398732883395e-05,-0.005836785683104173,-5.109339873288341e-05,-0.008712826415247914,0.1998773382282661,-0.04392272528106712,-0.001111377699105098,-0.0071697077755123705,-0.008113781156086929,-0.007842626927437674,0.020292690267025702,-0.011724463930264587,-0.014008004651022461,-0.008482690174012453,-0.0075464984994314185,-0.01006866955052531,0.012646210976182624,0.022708898245531496,-0.015213302351794555,-0.017119885651497822,-0.009013499092853334,-0.007279054688124031,0.013553010611883378,0.012951195910899776,0.005590289882702639,-0.007561807036650239,-0.006384485107943474,0.011032111693928821,0.0022057511403819553,-0.0036546452155696127,0.003589335550604063,0.012879615324904864,-0.005366752365690049,-0.004375474065700322
Type_2566,-0.007808570658816884,0.004787860162052289,0.0010523410155225434,0.0025451066943529173,-5.109339873288343e-05,-5.109339873288338e-05,-5.1093398732883395e-05,-5.109339873288343e-05,-7.225882343379878e-05,-5.1093398732883476e-05,-5.109339873288342e-05,-5.109339873288342e-05,-5.109339873288339e-05,-5.109339873288339e-05,1.0,-5.109339873288339e-05,-5.109339873288341e-05,-5.109339873288343e-05,-5.109339873288342e-05,-5.109339873288339e-05,-5.109339873288339e-05,-5.109339873288339e-05,-5.109339873288342e-05,-5.109339873288339e-05,-5.109339873288339e-05,-5.109339873288339e-05,-5.109339873288339e-05,-5.109339873288338e-05,-5.109339873288339e-05,-5.1093398732883354e-05,-5.1093398732883415e-05,-5.109339873288346e-05,-5.109339873288341e-05,-5.109339873288338e-05,-5.109339873288342e-05,-5.109339873288342e-05,-0.0001142599892272273,-5.109339873288341e-05,-5.1093398732883415e-05,-5.109339873288338e-05,-5.109339873288339e-05,-0.005836785683104172,-5.10933987328834e-05,-0.008712826415247914,0.19987733822826603,-0.04392272528106711,-0.0011113776991050978,-0.00716970777551312,-0.0058433005200521256,-0.0008050091570238104,0.01687178187687801,-0.01006058651823432,-0.011622830472117289,-0.008425036699017547,-0.008095653310081672,-0.008712467661595372,0.014866114014817534,0.011808012944728769,-0.012084791942646082,-0.01340801403528261,-0.008722147750745163,-0.008718737609054955,0.01504662846058672,0.014168558248905077,0.00946068363018603,-0.00318096416720766,-0.008440761007655092,-0.0018629517806259144,-0.013210750371475118,-0.004247725769469297,-0.0002875903881191117,0.01287961532490486,-0.005366752365690048,-0.004375474065700321
Type_2807,0.004681526331514544,0.014113810711974515,-0.003818180718763017,0.008434841067558206,-5.109339873288337e-05,-5.109339873288337e-05,-5.1093398732883415e-05,-5.109339873288337e-05,-7.225882343379871e-05,-5.109339873288338e-05,-5.109339873288337e-05,-5.109339873288337e-05,-5.109339873288341e-05,-5.109339873288334e-05,-5.109339873288339e-05,1.0,-5.10933987328834e-05,-5.109339873288337e-05,-5.1093398732883354e-05,-5.109339873288337e-05,-5.109339873288338e-05,-5.109339873288338e-05,-5.109339873288337e-05,-5.1093398732883374e-05,-5.109339873288338e-05,-5.109339873288341e-05,-5.109339873288338e-05,-5.1093398732883395e-05,-5.109339873288338e-05,-5.1093398732883354e-05,-5.109339873288342e-05,-5.1093398732883456e-05,-5.1093398732883415e-05,-5.1093398732883395e-05,-5.109339873288337e-05,-5.109339873288338e-05,-0.00011425998922722735,-5.109339873288342e-05,-5.109339873288343e-05,-5.109339873288339e-05,-5.1093398732883415e-05,-0.005836785683104172,-5.109339873288339e-05,-0.008712826415247914,0.1998773382282661,-0.04392272528106712,-0.0011113776991050984,-0.007169707775512524,-0.00811378115608693,0.0007589059030681676,0.020292690267025702,-0.01172446393026462,-0.014008004651022461,-0.008482690174012451,-0.00754649849943142,-0.010068669550525324,0.012646210976182622,0.02270889824553149,-0.015213302351794616,-0.017119885651497833,-0.009013499092853334,-0.007279054688124033,0.013553010611883382,0.01295119591089978,0.005590289882702644,-0.007561807036650233,-0.00995223900944085,0.0073478078440560105,-0.00490955724970593,-0.004317205845987203,0.0027750904647543,-0.003966997262261869,-0.005366752365690048,-0.004375474065700321
Type_2918,-0.007808570658816884,0.0006280836577704505,-0.003995290600009764,0.0025451066943529177,-5.1093398732883415e-05,-5.109339873288339e-05,-5.109339873288341e-05,-5.1093398732883415e-05,-7.225882343379878e-05,-5.109339873288343e-05,-5.1093398732883415e-05,-5.1093398732883415e-05,-5.10933987328834e-05,-5.109339873288339e-05,-5.109339873288341e-05,-5.10933987328834e-05,1.0,-5.109339873288336e-05,-5.10933987328834e-05,-5.109339873288336e-05,-5.1093398732883374e-05,-5.1093398732883374e-05,-5.109339873288336e-05,-5.109339873288337e-05,-5.1093398732883374e-05,-5.10933987328834e-05,-5.1093398732883374e-05,-5.1093398732883415e-05,-5.1093398732883374e-05,-5.1093398732883354e-05,-5.1093398732883415e-05,-5.109339873288345e-05,-5.1093398732883415e-05,-5.109339873288339e-05,-5.109339873288336e-05,-5.10933987328834e-05,-0.00011425998922722732,-5.1093398732883415e-05,-5.109339873288342e-05,-5.109339873288341e-05,-5.109339873288341e-05,-0.005836785683104171,-5.109339873288338e-05,-0.008712826415247914,0.1998773382282661,-0.04392272528106712,-0.0011113776991050982,-0.007169707775512818,-0.005843300520052125,-0.0031508817471617954,0.01687178187687801,-0.01006058651823434,-0.011622830472117303,-0.00842503669901755,-0.008095653310081677,-0.00871246766159538,0.014866114014817538,0.01180801294472877,-0.01208479194264607,-0.013408014035282587,-0.008722147750745169,-0.008718737609054962,0.015046628460586716,0.014168558248905077,0.009460683630186031,-0.0031809641672076623,-0.010456692616440373,-0.0018629517806259181,-0.013210750371475124,-0.007661387097147678,-0.00578128334480507,-0.003966997262261868,0.009520357052344395,-0.004375474065700319
Type_3009,0.004681526331514547,0.0038485557901176836,0.009110840612249628,0.008434841067558202,-5.1093398732883496e-05,-5.109339873288336e-05,-5.109339873288339e-05,-5.1093398732883496e-05,-7.225882343379883e-05,-5.1093398732883523e-05,-5.109339873288352e-05,-5.109339873288352e-05,-5.109339873288341e-05,-5.1093398732883435e-05,-5.109339873288343e-05,-5.109339873288337e-05,-5.109339873288336e-05,1.0,-5.109339873288337e-05,-5.1093398732883435e-05,-5.109339873288342e-05,-5.109339873288342e-05,-5.109339873288352e-05,-5.1093398732883435e-05,-5.109339873288342e-05,-5.10933987328834e-05,-5.109339873288342e-05,-5.109339873288343e-05,-5.109339873288342e-05,-5.109339873288334e-05,-5.1093398732883415e-05,-5.109339873288351e-05,-5.109339873288341e-05,-5.109339873288339e-05,-5.109339873288352e-05,-5.109339873288342e-05,-0.00011425998922722729,-5.109339873288341e-05,-5.109339873288342e-05,-5.109339873288343e-05,-5.109339873288341e-05,-0.005836785683104169,-5.109339873288346e-05,-0.008712826415247918,0.19987733822826612,-0.043922725281067124,-0.0011113776991050978,-0.007169707775511527,-0.010384261792121855,-0.00549675433729976,0.016871781876878014,-0.013388341342294982,-0.015001827225566327,-0.00854034364900736,-0.007816765713339769,-0.01049248264081587,0.01061523585572951,0.020726919099931077,-0.016777557556369053,-0.01742920828618235,-0.008896958556010068,-0.00826225278046713,0.012358116332920738,0.011733833572894528,-0.0019745706237422654,-0.010310571190025975,-0.007881446808027848,0.007347807844056007,-0.004909557249705922,-0.006437296419040798,-0.0003313147603769535,0.01287961532490487,-0.005366752365690052,-0.0043754740657003235
Type_3011,-0.007808570658816874,-0.0008479660695553796,-0.0013386423813085567,0.0025451066943529234,-5.109339873288337e-05,-5.10933987328834e-05,-5.109339873288342e-05,-5.109339873288337e-05,-7.225882343379871e-05,-5.109339873288338e-05,-5.109339873288337e-05,-5.109339873288337e-05,-5.1093398732883415e-05,-5.109339873288335e-05,-5.109339873288342e-05,-5.1093398732883354e-05,-5.10933987328834e-05,-5.109339873288337e-05,1.0,-5.1093398732883374e-05,-5.109339873288341e-05,-5.109339873288338e-05,-5.109339873288337e-05,-5.1093398732883374e-05,-5.109339873288338e-05,-5.109339873288341e-05,-5.109339873288338e-05,-5.109339873288342e-05,-5.109339873288341e-05,-5.109339873288336e-05,-5.109339873288342e-05,-5.109339873288346e-05,-5.1093398732883415e-05,-5.1093398732883395e-05,-5.109339873288337e-05,-5.1093398732883415e-05,-0.00011425998922722735,-5.109339873288343e-05,-5.109339873288343e-05,-5.109339873288342e-05,-5.1093398732883415e-05,-0.005836785683104172,-5.109339873288339e-05,-0.008712826415247916,0.19987733822826614,-0.043922725281067124,-0.0011113776991050984,-0.007169707775511786,-0.008113781156086932,0.0046686935532981085,0.020292690267025702,-0.01172446393026467,-0.014008004651022438,-0.008482690174012451,-0.007546498499431416,-0.010068669550525326,0.012646210976182622,0.022708898245531493,-0.015213302351794624,-0.017119885651497812,-0.009013499092853336,-0.007279054688124033,0.013553010611883383,0.01295119591089978,0.005590289882702644,-0.007561807036650236,-0.010260812622064486,-0.0018629517806259329,-0.013210750371475124,-0.008157919653900895,-0.006871425101022147,-0.003966997262261869,0.009520357052344407,-0.004375474065700319
Type_3046,-0.0015635221636511182,0.007270307430736655,-0.003375406015646146,0.0025451066943529273,-5.1093398732883435e-05,-5.109339873288336e-05,-5.10933987328834e-05,-5.1093398732883435e-05,-7.225882343379878e-05,-5.109339873288348e-05,-5.109339873288343e-05,-5.109339873288343e-05,-5.1093398732883395e-05,-5.1093398732883395e-05,-5.109339873288339e-05,-5.109339873288337e-05,-5.109339873288336e-05,-5.1093398732883435e-05,-5.1093398732883374e-05,1.0,-5.109339873288337e-05,-5.109339873288337e-05,-5.109339873288343e-05,-5.1093398732883395e-05,-5.109339873288337e-05,-5.109339873288339e-05,-5.109339873288337e-05,-5.109339873288339e-05,-5.109339873288337e-05,-5.1093398732883354e-05,-5.1093398732883415e-05,-5.109339873288347e-05,-5.1093398732883415e-05,-5.109339873288339e-05,-5.109339873288343e-05,-5.1093398732883374e-05,-0.00011425998922722732,-5.1093398732883415e-05,-5.109339873288342e-05,-5.109339873288339e-05,-5.1093398732883395e-05,-0.005836785683104173,-5.109339873288341e-05,-0.008712826415247914,0.1998773382282661,-0.04392272528106712,-0.001111377699105098,-0.007169707775512273,-0.008113781156086929,-0.0047147968072537745,0.020292690267025702,-0.011724463930264611,-0.014008004651022457,-0.008482690174012453,-0.0075464984994314185,-0.010068669550525313,0.012646210976182622,0.022708898245531493,-0.01521330235179458,-0.017119885651497822,-0.00901349909285333,-0.0072790546881240275,0.013553010611883373,0.012951195910899776,0.00559028988270264,-0.007561807036650239,-0.006941019499389253,0.0009002761067786343,-0.006095441981387239,-0.0015236929928370876,0.0027095691883777515,0.012879615324904864,-0.005366752365690049,-0.004375474065700322
Type_3212,0.01092657482668026,0.015522767269876423,-0.0037296257781396424,0.002545106694352922,-5.109339873288342e-05,-5.109339873288337e-05,-5.1093398732883415e-05,-5.109339873288342e-05,-7.225882343379875e-05,-5.1093398732883435e-05,-5.109339873288342e-05,-5.109339873288342e-05,-5.109339873288341e-05,-5.109339873288337e-05,-5.109339873288339e-05,-5.109339873288338e-05,-5.1093398732883374e-05,-5.109339873288342e-05,-5.109339873288341e-05,-5.109339873288337e-05,1.0,-5.109339873288338e-05,-5.109339873288337e-05,-5.1093398732883374e-05,-5.109339873288338e-05,-5.109339873288341e-05,-5.109339873288338e-05,-5.1093398732883395e-05,-5.109339873288338e-05,-5.1093398732883354e-05,-5.109339873288342e-05,-5.1093398732883456e-05,-5.1093398732883415e-05,-5.1093398732883395e-05,-5.109339873288337e-05,-5.109339873288341e-05,-0.00011425998922722735,-5.109339873288342e-05,-5.109339873288343e-05,-5.109339873288339e-05,-5.1093398732883415e-05,-0.005836785683104172,-5.109339873288339e-05,-0.008712826415247914,0.19987733822826614,-0.04392272528106712,-0.0011113776991050984,-0.0071697077755114485,-0.005843300520052126,-0.011752414577667623,0.01687178187687801,-0.010060586518234283,-0.011622830472117308,-0.008425036699017549,-0.008095653310081679,-0.008712467661595372,0.014866114014817534,0.01180801294472877,-0.012084791942645952,-0.013408014035282582,-0.008722147750745165,-0.008718737609054962,0.01504662846058673,0.014168558248905084,0.009460683630186043,-0.0031809641672076723,-0.006693777068558817,0.006426731881587801,0.00813517479878857,0.003660768943075491,0.006821666501302698,-0.003966997262261869,-0.005366752365690048,-0.004375474065700321
Type_323,0.0005181606680707727,-0.006215419623467418,0.027264603440041165,-0.0033446276788523487,-5.109339873288342e-05,-5.109339873288337e-05,-5.1093398732883415e-05,-5.109339873288342e-05,-7.225882343379875e-05,-5.1093398732883435e-05,-5.109339873288342e-05,-5.109339873288342e-05,-5.109339873288341e-05,-5.109339873288337e-05,-5.109339873288339e-05,-5.109339873288338e-05,-5.1093398732883374e-05,-5.109339873288342e-05,-5.109339873288338e-05,-5.109339873288337e-05,-5.109339873288338e-05,1.0,-5.109339873288337e-05,-5.1093398732883374e-05,-5.109339873288338e-05,-5.109339873288341e-05,-5.109339873288338e-05,-5.1093398732883395e-05,-5.109339873288338e-05,-5.1093398732883354e-05,-5.109339873288342e-05,-5.1093398732883456e-05,-5.1093398732883415e-05,-5.1093398732883395e-05,-5.109339873288337e-05,-5.109339873288338e-05,-0.00011425998922722735,-5.109339873288342e-05,-5.109339873288343e-05,-5.109339873288339e-05,-5.1093398732883415e-05,-0.005836785683104172,-5.109339873288339e-05,-0.008712826415247914,-0.00025562376998704126,-0.04392272528106712,-0.0011113776991050984,-0.0071697077755122985,-0.00811378115608693,0.0007589059030681684,0.020292690267025702,-0.011724463930264651,-0.014008004651022454,-0.008482690174012451,-0.0075464984994314185,-0.010068669550525324,0.012646210976182622,0.02270889824553149,-0.015213302351794623,-0.01711988565149783,-0.009013499092853334,-0.007279054688124034,0.013553010611883382,0.01295119591089978,0.005590289882702645,-0.007561807036650233,-0.0023232210317866175,-0.0018629517806259379,0.005763405335425919,-0.005661464299113872,-0.0066820323584769765,-0.003966997262261869,-0.005366752365690048,0.011677225819576663
Type_3237,0.0005181606680707752,0.003848555790117682,-0.00364107083751627,0.002545106694352926,-5.109339873288352e-05,-5.1093398732883354e-05,-5.109339873288338e-05,-5.109339873288352e-05,-7.225882343379883e-05,-5.1093398732883523e-05,-5.109339873288352e-05,-5.109339873288352e-05,-5.10933987328834e-05,-5.109339873288343e-05,-5.109339873288342e-05,-5.109339873288337e-05,-5.109339873288336e-05,-5.109339873288352e-05,-5.109339873288337e-05,-5.109339873288343e-05,-5.109339873288337e-05,-5.109339873288337e-05,1.0,-5.1093398732883435e-05,-5.109339873288342e-05,-5.10933987328834e-05,-5.109339873288342e-05,-5.109339873288343e-05,-5.109339873288342e-05,-5.1093398732883334e-05,-5.1093398732883415e-05,-5.10933987328835e-05,-5.109339873288341e-05,-5.109339873288339e-05,-5.109339873288352e-05,-5.109339873288342e-05,-0.00011425998922722728,-5.10933987328834e-05,-5.109339873288342e-05,-5.109339873288342e-05,-5.109339873288341e-05,-0.005836785683104168,-5.109339873288346e-05,-0.008712826415247918,0.19987733822826614,-0.043922725281067124,-0.0011113776991050978,-0.007169707775511527,-0.010384261792121855,0.006232608613390137,0.016871781876878014,-0.013388341342294972,-0.015001827225566292,-0.008540343649007364,-0.007816765713339764,-0.01049248264081588,0.010615235855729505,0.020726919099931074,-0.016777557556369064,-0.01742920828618236,-0.008896958556010071,-0.008262252780467126,0.01235811633292074,0.011733833572894524,-0.0019745706237422694,-0.010310571190025982,-0.008572787964648656,0.0018213520692468212,-0.003723672518024604,-0.004833910037858502,-0.0010557400954419435,0.01287961532490487,-0.005366752365690052,-0.004375474065700323
